"No.","Exon / Intron","Start","End","Start Phase","End Phase","Length","Sequence"
"","5' upstream sequence","","","","","","                              {""url"":""/Homo_sapiens/Component/Transcript/Exons/exons?db=core;g=ENSG00000179915;r=2:50145643-51259674;t=ENST00000401710;time=1670428094862.862;adorn=only"",""provisional"":{""legend"":{""exons/Introns"":{""flanking"":{""label"":""#008000"",""text"":""Flanking sequence"",""class"":""ef"",""default"":null}},""_messages"":[]},""flourishes"":{},""ref"":{""style"":[[0,""""],[0,""color:#008000""]]},""expect"":[],""seq"":[{""style"":[1]}]}}                ..........ggcactttcccctctttcatttttttcccaggtacttacattacgtgttt                "
"1","ENSE00001551012","50,723,214","50,723,043","-","1","172","                              {""url"":""/Homo_sapiens/Component/Transcript/Exons/exons?db=core;g=ENSG00000179915;r=2:50145643-51259674;t=ENST00000401710;time=1670428094862.862;adorn=only"",""provisional"":{""seq"":[{""style"":[2]},{""style"":[2,-14,1]},{""style"":[1,-51,0]}],""expect"":[],""flourishes"":{},""ref"":{""style"":[[0,""""],[0,""color:#1044ee""],[7,""cd6839""]]},""legend"":{""exons/Introns"":{""flanking"":{""text"":""Flanking sequence"",""label"":""#008000"",""class"":""ef"",""default"":null},""utr"":{""label"":""#cd6839"",""text"":""UTR"",""class"":""eu"",""default"":null},""exon1"":{""text"":""Translated sequence"",""label"":""#1044ee"",""default"":null,""class"":""e1""}},""_messages"":[]}}}                GATTTGGGAAATGGTGCTAACCTCATCAAAGGAAGCTCAAATAAACCTCTCAATGACAATCAGTGGCACAACGTGATGATATCAAGGGACACCAGCAACCTCCACACTGTAAAGATTGACACAAAAATCACAACGCAAATCACCGCCGGAGCCAGGAACTTAGACCTCAAGA                        "
" ","Intron 1-2","50,723,042","50,699,610","","","23,433","                              {""url"":""/Homo_sapiens/Component/Transcript/Exons/exons?db=core;g=ENSG00000179915;r=2:50145643-51259674;t=ENST00000401710;time=1670428094862.862;adorn=only"",""provisional"":{""seq"":[{""style"":[1]}],""expect"":[],""ref"":{""style"":[[0,""""],[0,""color:#aaaaaa""]]},""flourishes"":{},""legend"":{""exons/Introns"":{""intron"":{""label"":""#aaaaaa"",""text"":""Intron sequence"",""class"":""ei"",""default"":null},""exon1"":{""text"":""Translated sequence"",""label"":""#1044ee"",""default"":null,""class"":""e1""},""utr"":{""label"":""#cd6839"",""text"":""UTR"",""class"":""eu"",""default"":null},""flanking"":{""class"":""ef"",""default"":null,""text"":""Flanking sequence"",""label"":""#008000""}},""_messages"":[]}}}                gtaagtgcatgttaagtcagagcaa..........aacaaagactttgatcttcttgcag                "
"2","ENSE00003655408","50,699,609","50,699,436","1","1","174","                              {""url"":""/Homo_sapiens/Component/Transcript/Exons/exons?db=core;g=ENSG00000179915;r=2:50145643-51259674;t=ENST00000401710;time=1670428094862.862;adorn=only"",""provisional"":{""seq"":[{""style"":[1]},-1,{""style"":[1,-53,0]}],""expect"":[],""flourishes"":{},""ref"":{""style"":[[0,""""],[0,""color:#1044ee""]]},""legend"":{""exons/Introns"":{""intron"":{""label"":""#aaaaaa"",""text"":""Intron sequence"",""default"":null,""class"":""ei""},""exon1"":{""class"":""e1"",""default"":null,""text"":""Translated sequence"",""label"":""#1044ee""},""utr"":{""default"":null,""class"":""eu"",""label"":""#cd6839"",""text"":""UTR""},""flanking"":{""class"":""ef"",""default"":null,""text"":""Flanking sequence"",""label"":""#008000""}},""_messages"":[]}}}                GTGACTTATATATAGGAGGAGTAGCTAAAGAAACATACAAATCCTTACCAAAACTTGTACATGCCAAAGAAGGCTTTCAAGGCTGCCTGGCATCAGTTGATTTAAATGGACGGCTTCCGGACCTCATCTCCGATGCTCTTTTCTGCAACGGACAGATCGAGAGAGGATGTGAAG                      "
" ","Intron 2-3","50,699,435","50,693,626","","","5,810","                              {""url"":""/Homo_sapiens/Component/Transcript/Exons/exons?db=core;g=ENSG00000179915;r=2:50145643-51259674;t=ENST00000401710;time=1670428094862.862;adorn=only"",""provisional"":{""legend"":{""exons/Introns"":{""intron"":{""text"":""Intron sequence"",""label"":""#aaaaaa"",""class"":""ei"",""default"":null},""exon1"":{""label"":""#1044ee"",""text"":""Translated sequence"",""class"":""e1"",""default"":null},""utr"":{""class"":""eu"",""default"":null,""text"":""UTR"",""label"":""#cd6839""},""flanking"":{""class"":""ef"",""default"":null,""text"":""Flanking sequence"",""label"":""#008000""}},""_messages"":[]},""flourishes"":{},""ref"":{""style"":[[0,""""],[0,""color:#aaaaaa""]]},""expect"":[],""seq"":[{""style"":[1]}]}}                gtattagatttttgtcatcatgctc..........ttttttttttattttgctgacaaag                "
"3","ENSE00001561903","50,693,625","50,693,599","1","1","27","                              {""provisional"":{""expect"":[],""seq"":[{""style"":[1,-26,0]}],""legend"":{""exons/Introns"":{""intron"":{""label"":""#aaaaaa"",""text"":""Intron sequence"",""default"":null,""class"":""ei""},""exon1"":{""text"":""Translated sequence"",""label"":""#1044ee"",""default"":null,""class"":""e1""},""utr"":{""class"":""eu"",""default"":null,""label"":""#cd6839"",""text"":""UTR""},""flanking"":{""text"":""Flanking sequence"",""label"":""#008000"",""default"":null,""class"":""ef""}},""_messages"":[]},""flourishes"":{},""ref"":{""style"":[[0,""""],[0,""color:#1044ee""]]}},""url"":""/Homo_sapiens/Component/Transcript/Exons/exons?db=core;g=ENSG00000179915;r=2:50145643-51259674;t=ENST00000401710;time=1670428094862.862;adorn=only""}                TTGCATTGATGAAAGCTGACTTGCAAG                                                 "
" ","Intron 3-4","50,693,598","50,692,700","","","899","                              {""provisional"":{""seq"":[{""style"":[1]}],""expect"":[],""flourishes"":{},""ref"":{""style"":[[0,""""],[0,""color:#aaaaaa""]]},""legend"":{""exons/Introns"":{""intron"":{""class"":""ei"",""default"":null,""text"":""Intron sequence"",""label"":""#aaaaaa""},""exon1"":{""default"":null,""class"":""e1"",""text"":""Translated sequence"",""label"":""#1044ee""},""utr"":{""class"":""eu"",""default"":null,""text"":""UTR"",""label"":""#cd6839""},""flanking"":{""text"":""Flanking sequence"",""label"":""#008000"",""class"":""ef"",""default"":null}},""_messages"":[]}},""url"":""/Homo_sapiens/Component/Transcript/Exons/exons?db=core;g=ENSG00000179915;r=2:50145643-51259674;t=ENST00000401710;time=1670428094862.862;adorn=only""}                gtagatagccctgtgtgtatataac..........aagtttcctttggattgttttgcag                "
"4","ENSE00003627205","50,692,699","50,692,580","1","1","120","                              {""url"":""/Homo_sapiens/Component/Transcript/Exons/exons?db=core;g=ENSG00000179915;r=2:50145643-51259674;t=ENST00000401710;time=1670428094862.862;adorn=only"",""provisional"":{""seq"":[{""style"":[1]},-1],""expect"":[],""flourishes"":{},""ref"":{""style"":[[0,""""],[0,""color:#1044ee""]]},""legend"":{""exons/Introns"":{""intron"":{""class"":""ei"",""default"":null,""text"":""Intron sequence"",""label"":""#aaaaaa""},""exon1"":{""default"":null,""class"":""e1"",""label"":""#1044ee"",""text"":""Translated sequence""},""utr"":{""class"":""eu"",""default"":null,""label"":""#cd6839"",""text"":""UTR""},""flanking"":{""class"":""ef"",""default"":null,""text"":""Flanking sequence"",""label"":""#008000""}},""_messages"":[]}}}                GGCCCAGCACAACCTGCCAAGAGGACTCATGTTCCAATCAAGGTGTGTGCTTGCAACAATGGGATGGCTTCAGCTGTGACTGTAGTATGACTTCCTTCAGTGGACCACTCTGCAATGACC                "
" ","Intron 4-5","50,692,579","50,464,109","","","228,471","                              {""provisional"":{""seq"":[{""style"":[1]}],""expect"":[],""flourishes"":{},""ref"":{""style"":[[0,""""],[0,""color:#aaaaaa""]]},""legend"":{""exons/Introns"":{""intron"":{""default"":null,""class"":""ei"",""label"":""#aaaaaa"",""text"":""Intron sequence""},""exon1"":{""text"":""Translated sequence"",""label"":""#1044ee"",""class"":""e1"",""default"":null},""utr"":{""default"":null,""class"":""eu"",""text"":""UTR"",""label"":""#cd6839""},""flanking"":{""default"":null,""class"":""ef"",""text"":""Flanking sequence"",""label"":""#008000""}},""_messages"":[]}},""url"":""/Homo_sapiens/Component/Transcript/Exons/exons?db=core;g=ENSG00000179915;r=2:50145643-51259674;t=ENST00000401710;time=1670428094862.862;adorn=only""}                gtaagtacctctctgagtatggact..........attggttttggtttttgttttccag                "
"5","ENSE00003667725","50,464,108","50,463,927","1","0","182","                              {""provisional"":{""seq"":[{""style"":[1]},-2,{""style"":[1,-1,0]}],""expect"":[],""flourishes"":{},""ref"":{""style"":[[0,""""],[0,""color:#1044ee""]]},""legend"":{""exons/Introns"":{""intron"":{""text"":""Intron sequence"",""label"":""#aaaaaa"",""class"":""ei"",""default"":null},""exon1"":{""text"":""Translated sequence"",""label"":""#1044ee"",""class"":""e1"",""default"":null},""utr"":{""default"":null,""class"":""eu"",""text"":""UTR"",""label"":""#cd6839""},""flanking"":{""default"":null,""class"":""ef"",""label"":""#008000"",""text"":""Flanking sequence""}},""_messages"":[]}},""url"":""/Homo_sapiens/Component/Transcript/Exons/exons?db=core;g=ENSG00000179915;r=2:50145643-51259674;t=ENST00000401710;time=1670428094862.862;adorn=only""}                CTGGGACGACATATATCTTTAGCAAAGGTGGTGGACAAATCACGTATAAGTGGCCTCCTAATGACCGACCCAGTACACGAGCAGACAGACTGGCCATAGGTTTTAGCACTGTTCAGAAAGAAGCCGTATTGGTGCGAGTGGACAGTTCTTCAGGCTTGGGTGACTACCTAGAACTGCATATA                                                                          "
" ","Intron 5-6","50,463,926","50,318,633","","","145,294","                              {""provisional"":{""seq"":[{""style"":[1]}],""expect"":[],""flourishes"":{},""ref"":{""style"":[[0,""""],[0,""color:#aaaaaa""]]},""legend"":{""exons/Introns"":{""intron"":{""default"":null,""class"":""ei"",""text"":""Intron sequence"",""label"":""#aaaaaa""},""exon1"":{""default"":null,""class"":""e1"",""label"":""#1044ee"",""text"":""Translated sequence""},""utr"":{""default"":null,""class"":""eu"",""text"":""UTR"",""label"":""#cd6839""},""flanking"":{""class"":""ef"",""default"":null,""label"":""#008000"",""text"":""Flanking sequence""}},""_messages"":[]}},""url"":""/Homo_sapiens/Component/Transcript/Exons/exons?db=core;g=ENSG00000179915;r=2:50145643-51259674;t=ENST00000401710;time=1670428094862.862;adorn=only""}                gtaagtactttttgcataagattca..........tcttttttcccctcctctcttacag                "
"6","ENSE00000962769","50,318,632","50,318,461","0","1","172","                              {""url"":""/Homo_sapiens/Component/Transcript/Exons/exons?db=core;g=ENSG00000179915;r=2:50145643-51259674;t=ENST00000401710;time=1670428094862.862;adorn=only"",""provisional"":{""legend"":{""exons/Introns"":{""intron"":{""default"":null,""class"":""ei"",""label"":""#aaaaaa"",""text"":""Intron sequence""},""exon1"":{""text"":""Translated sequence"",""label"":""#1044ee"",""default"":null,""class"":""e1""},""utr"":{""text"":""UTR"",""label"":""#cd6839"",""class"":""eu"",""default"":null},""flanking"":{""label"":""#008000"",""text"":""Flanking sequence"",""class"":""ef"",""default"":null}},""_messages"":[]},""ref"":{""style"":[[0,""""],[0,""color:#1044ee""]]},""flourishes"":{},""expect"":[],""seq"":[{""style"":[1]},-1,{""style"":[1,-51,0]}]}}                CACCAGGGAAAAATTGGAGTTAAGTTTAATGTTGGGACAGATGACATCGCCATTGAAGAATCCAATGCAATCATTAATGATGGGAAATACCATGTAGTTCGTTTCACGAGGAGTGGTGGCAATGCCACGTTGCAGGTGGACAGCTGGCCAGTGATCGAGCGCTACCCTGCAG                        "
" ","Intron 6-7","50,318,460","50,280,729","","","37,732","                              {""provisional"":{""legend"":{""exons/Introns"":{""intron"":{""default"":null,""class"":""ei"",""label"":""#aaaaaa"",""text"":""Intron sequence""},""exon1"":{""default"":null,""class"":""e1"",""text"":""Translated sequence"",""label"":""#1044ee""},""utr"":{""class"":""eu"",""default"":null,""label"":""#cd6839"",""text"":""UTR""},""flanking"":{""text"":""Flanking sequence"",""label"":""#008000"",""default"":null,""class"":""ef""}},""_messages"":[]},""flourishes"":{},""ref"":{""style"":[[0,""""],[0,""color:#aaaaaa""]]},""expect"":[],""seq"":[{""style"":[1]}]},""url"":""/Homo_sapiens/Component/Transcript/Exons/exons?db=core;g=ENSG00000179915;r=2:50145643-51259674;t=ENST00000401710;time=1670428094862.862;adorn=only""}                gtaagcaagtgaatatgtatcgggg..........catgtatgtaatattatttttacag                "
"7","ENSE00000962771","50,280,728","50,280,409","1","0","320","                              {""url"":""/Homo_sapiens/Component/Transcript/Exons/exons?db=core;g=ENSG00000179915;r=2:50145643-51259674;t=ENST00000401710;time=1670428094862.862;adorn=only"",""provisional"":{""legend"":{""exons/Introns"":{""intron"":{""label"":""#aaaaaa"",""text"":""Intron sequence"",""default"":null,""class"":""ei""},""exon1"":{""default"":null,""class"":""e1"",""label"":""#1044ee"",""text"":""Translated sequence""},""utr"":{""default"":null,""class"":""eu"",""text"":""UTR"",""label"":""#cd6839""},""flanking"":{""text"":""Flanking sequence"",""label"":""#008000"",""default"":null,""class"":""ef""}},""_messages"":[]},""ref"":{""style"":[[0,""""],[0,""color:#1044ee""]]},""flourishes"":{},""expect"":[],""seq"":[{""style"":[1]},-4,{""style"":[1,-19,0]}]}}                GGCGTCAGCTCACAATCTTCAATAGCCAAGCAACCATAATAATTGGCGGGAAAGAGCAGGGCCAGCCCTTCCAGGGCCAGCTCTCTGGGCTGTACTACAATGGCTTGAAAGTTCTGAATATGGCAGCCGAAAACGATGCCAACATCGCCATAGTGGGAAATGTGAGACTGGTTGGTGAAGTGCCTTCCTCTATGACAACTGAGTCAACAGCCACTGCCATGCAATCAGAGATGTCCACATCAATTATGGAGACTACCACGACCCTGGCTACTAGCACAGCCAGAAGAGGAAAGCCCCCGACAAAAGAACCCATTAGCCAG                                                        "
" ","Intron 7-8","50,280,408","50,170,930","","","109,479","                              {""url"":""/Homo_sapiens/Component/Transcript/Exons/exons?db=core;g=ENSG00000179915;r=2:50145643-51259674;t=ENST00000401710;time=1670428094862.862;adorn=only"",""provisional"":{""seq"":[{""style"":[1]}],""expect"":[],""flourishes"":{},""ref"":{""style"":[[0,""""],[0,""color:#aaaaaa""]]},""legend"":{""exons/Introns"":{""intron"":{""label"":""#aaaaaa"",""text"":""Intron sequence"",""default"":null,""class"":""ei""},""exon1"":{""label"":""#1044ee"",""text"":""Translated sequence"",""class"":""e1"",""default"":null},""utr"":{""label"":""#cd6839"",""text"":""UTR"",""default"":null,""class"":""eu""},""flanking"":{""default"":null,""class"":""ef"",""label"":""#008000"",""text"":""Flanking sequence""}},""_messages"":[]}}}                gtgagcctgtggattttattccttc..........tctactgaatgtgattcttttgcag                "
"8","ENSE00001784876","50,170,929","50,170,842","0","1","88","                              {""provisional"":{""expect"":[],""seq"":[{""style"":[1]},{""style"":[1,-27,0]}],""legend"":{""exons/Introns"":{""intron"":{""text"":""Intron sequence"",""label"":""#aaaaaa"",""default"":null,""class"":""ei""},""exon1"":{""default"":null,""class"":""e1"",""label"":""#1044ee"",""text"":""Translated sequence""},""utr"":{""class"":""eu"",""default"":null,""text"":""UTR"",""label"":""#cd6839""},""flanking"":{""default"":null,""class"":""ef"",""text"":""Flanking sequence"",""label"":""#008000""}},""_messages"":[]},""ref"":{""style"":[[0,""""],[0,""color:#1044ee""]]},""flourishes"":{}},""url"":""/Homo_sapiens/Component/Transcript/Exons/exons?db=core;g=ENSG00000179915;r=2:50145643-51259674;t=ENST00000401710;time=1670428094862.862;adorn=only""}                ACCACAGATGACATCCTTGTGGCCTCAGCAGAGTGTCCCAGCGATGATGAGGACATTGACCCCTGTGAGCCGAGCTCAGGTGGGTTAG                                                "
" ","Intron 8-9","50,170,841","50,149,390","","","21,452","                              {""url"":""/Homo_sapiens/Component/Transcript/Exons/exons?db=core;g=ENSG00000179915;r=2:50145643-51259674;t=ENST00000401710;time=1670428094862.862;adorn=only"",""provisional"":{""legend"":{""exons/Introns"":{""intron"":{""text"":""Intron sequence"",""label"":""#aaaaaa"",""default"":null,""class"":""ei""},""exon1"":{""default"":null,""class"":""e1"",""label"":""#1044ee"",""text"":""Translated sequence""},""utr"":{""text"":""UTR"",""label"":""#cd6839"",""class"":""eu"",""default"":null},""flanking"":{""default"":null,""class"":""ef"",""label"":""#008000"",""text"":""Flanking sequence""}},""_messages"":[]},""ref"":{""style"":[[0,""""],[0,""color:#aaaaaa""]]},""flourishes"":{},""expect"":[],""seq"":[{""style"":[1]}]}}                gttagtcaactttttttcttacttc..........tttgttctcatcctcttttctatag                "
"9","ENSE00001664671","50,149,389","50,147,488","1","-","1,902","                              {""provisional"":{""expect"":[],""seq"":[{""style"":[1]},-4,{""style"":[1,-7,2]},{""style"":[2]},-24,{""style"":[2,-41,0]}],""legend"":{""exons/Introns"":{""intron"":{""class"":""ei"",""default"":null,""text"":""Intron sequence"",""label"":""#aaaaaa""},""exon1"":{""text"":""Translated sequence"",""label"":""#1044ee"",""class"":""e1"",""default"":null},""utr"":{""text"":""UTR"",""label"":""#cd6839"",""default"":null,""class"":""eu""},""flanking"":{""text"":""Flanking sequence"",""label"":""#008000"",""class"":""ef"",""default"":null}},""_messages"":[]},""ref"":{""style"":[[0,""""],[0,""color:#1044ee""],[7,""cd6839""]]},""flourishes"":{}},""url"":""/Homo_sapiens/Component/Transcript/Exons/exons?db=core;g=ENSG00000179915;r=2:50145643-51259674;t=ENST00000401710;time=1670428094862.862;adorn=only""}                CCAACCCAACCCGAGCAGGCGGCAGAGAGCCGTATCCAGGCTCAGCAGAAGTGATCCGGGAGTCCAGCAGCACCACGGGTATGGTCGTTGGGATAGTAGCCGCTGCCGCCCTGTGCATCCTTATCCTCCTCTATGCCATGTACAAGTACAGAAACCGGGATGAAGGCTCATACCATGTGGACGAGAGTCGAAACTACATCAGTAACTCAGCACAGTCCAATGGGGCTGTTGTAAAGGAGAAACAACCCAGCAGTGCGAAAAGCTCCAACAAAAATAAGAAAAACAAGGATAAAGAGTATTATGTCTGATCCCAAGATCTTAAATGGACACTTGTATAGAAATAGTCTTCATTTTATCTGAGACATAATATAAACTTATTTACTTTCCTTTTTATGAAGCACATACAAAAGAAGACAGGGAATGCAATCAGGAAGGAAAGACTTTTTAAAAAATAAAAACAAGTATCTCATGCTCTTGTTTCTCAAAAAAGAAAAACAAAAAACAAAAAACAGGGGCCAATAAATTCCCTAACATCCACAGTGTTTTCATTTACTCTGCTTGTCTTTATGTTGCTGGAACATTTCTAAAAGACAGTGATGACCGCACGCATTCATAAAGCAAAGGAGTACTACAGCATCAAGGCACAACACAAAAACCAACACAAAACATAACACAAAAAAGAAGCTACCTATGATCCTGGATTTAGCCAAAGTGCTAGCGCTTTCCTGAGAAGTCAGTCCAATTGCCAGAGAAGACTGTCCTTTTGAGTGACTCAACCTGCAAACCTTTAAGAGTTTGCCGCCTGGTGCAACTGGAGCAGTGGTTGGAACTTGCATTTGAAACAAAGTGCTGGCTTTTTTGAAGACTTGTGTAGGAACACATTCAAAAAGCCCCTTTCTGGTTGTGAGAGAGGAAAAAAAAGTATGGAGGCCTTATTTTCAAAAATGTGAAATATAAGGCACGTTTTCACACAAAATTTCAAAACAAAAACAAGAGGGCATAGATGCAATCATTGGGAAATTTTCATGCACGCTTATTATGTTATTACATATGTTTATATAAAATCCATCTCTGTGTGCTTTCTGGACTGTGATAAGTGACGTTTTATAGCCTGTTGTATAGAAAATGCAAAATATATCTCTGCTCTTCAGCCATTTTTGGTAAATTCAATGTTATAAGTGTTGCTAAGTATAGGGAGTTTTATGACATCAGAGCAACAATTATTTCAGTTGGGTTTTTCTTTTTTTTTGCCACCATTATAAATTGCCACAATTACTTTTATTTTTTAAAGAAATTACAGTGTAGTGTTTATTCTAAGGAAGATATGTATGAATGTATATACAAAGACTCAGCTACTTCTTTTCTTATATGTACAGCCTTCATTCTGTTGCAATTAAGTTTTAGTACTTGTATGAAAGGTGTGAATTAGAAAGTCACATATATACATATGTATCTTATAATCTTTTCTCCCTGAAATACTCACATTCCCACATACATTCACTATTTTCACACACACACACACACACACACACACACACACACACACACACACACGAATCCACAGCAATCCATCAGATATGCTGGAAGATCCAAACGTGCATACAGTAGCAAATATTTATTGACAAATTGAAAAGCAGGAAGGAAGAGGGTTGTGCCAAGGTATTGATGACAAATGGGGTGATTTGCTTCATTGAGATCTTGCTCCCAGGTAACCTTAAGAAGATTTTAGTCCCTAAAGAAATGAACCTTTCCTTATCAAATAGAATATCACTGATATACTGCTGCATGAATAAGAACCATTATGTGGGCAGGTTATGGAAGCAAAATTGGTTAATCTACACCTTAACTCTGGCTGCTGCAATTGAAAACTTTCTTTCTAATAAAATAATATATATATCTCTG                                  "
"","3' downstream sequence","","","","","","                              {""provisional"":{""flourishes"":{},""ref"":{""style"":[[0,""""],[0,""color:#008000""]]},""legend"":{""exons/Introns"":{""intron"":{""text"":""Intron sequence"",""label"":""#aaaaaa"",""default"":null,""class"":""ei""},""exon1"":{""class"":""e1"",""default"":null,""text"":""Translated sequence"",""label"":""#1044ee""},""utr"":{""default"":null,""class"":""eu"",""text"":""UTR"",""label"":""#cd6839""},""flanking"":{""text"":""Flanking sequence"",""label"":""#008000"",""default"":null,""class"":""ef""}},""_messages"":[]},""seq"":[{""style"":[1]}],""expect"":[]},""url"":""/Homo_sapiens/Component/Transcript/Exons/exons?db=core;g=ENSG00000179915;r=2:50145643-51259674;t=ENST00000401710;time=1670428094862.862;adorn=only""}                aatctgatgtgcatgatgaacatttctggaaagtaaacactttctctcga..........                "
